3
art 3 1 1 0.47712125471966244 0.47712125471966244
bostock 1 1 1 0.47712125471966244 0.47712125471966244
build 2 1 1 0.47712125471966244 0.47712125471966244
character 2 1 1 0.47712125471966244 0.47712125471966244
cool 1 1 1 0.47712125471966244 0.47712125471966244
d3js 1 1 1 0.47712125471966244 0.47712125471966244
document 1 2 3 0.0 0.0
document 2 1 3 0.0 0.0
document 3 1 3 0.0 0.0
fine 3 1 1 0.47712125471966244 0.47712125471966244
flaw 2 1 1 0.47712125471966244 0.47712125471966244
forgetting 3 1 1 0.47712125471966244 0.47712125471966244
hear 3 1 1 0.47712125471966244 0.47712125471966244
heard 3 1 1 0.47712125471966244 0.47712125471966244
human 2 1 1 0.47712125471966244 0.47712125471966244
kurt 2 1 1 0.47712125471966244 0.47712125471966244
laurence 3 1 1 0.47712125471966244 0.47712125471966244
made 1 1 1 0.47712125471966244 0.47712125471966244
maintenance 2 1 1 0.47712125471966244 0.47712125471966244
mike 1 1 1 0.47712125471966244 0.47712125471966244
originality 3 1 1 0.47712125471966244 0.47712125471966244
peter 3 1 1 0.47712125471966244 0.47712125471966244
remembering 3 1 1 0.47712125471966244 0.47712125471966244
vonnegut 2 1 1 0.47712125471966244 0.47712125471966244
